-1.78868 -1.78868 1e-08
-1.21132 -1.78868 1e-08
-1.78868 -1.21132 1e-08
-1.21132 -1.21132 1e-08
-0.894338 -1.89434 1e-08
-0.605662 -1.89434 1e-08
-0.894338 -1.60566 1e-08
-0.605662 -1.60566 1e-08
-0.394338 -1.89434 1e-08
-0.105662 -1.89434 1e-08
-0.394338 -1.60566 1e-08
-0.105662 -1.60566 1e-08
-0.894338 -1.39434 1e-08
-0.605662 -1.39434 1e-08
-0.894338 -1.10566 1e-08
-0.605662 -1.10566 1e-08
-0.394338 -1.39434 1e-08
-0.105662 -1.39434 1e-08
-0.394338 -1.10566 1e-08
-0.105662 -1.10566 1e-08
-1.89434 -0.894338 1e-08
-1.60566 -0.894338 1e-08
-1.89434 -0.605662 1e-08
-1.60566 -0.605662 1e-08
-1.39434 -0.894338 1e-08
-1.10566 -0.894338 1e-08
-1.39434 -0.605662 1e-08
-1.10566 -0.605662 1e-08
-1.89434 -0.394338 1e-08
-1.60566 -0.394338 1e-08
-1.89434 -0.105662 1e-08
-1.60566 -0.105662 1e-08
-1.39434 -0.394338 1e-08
-1.10566 -0.394338 1e-08
-1.39434 -0.105662 1e-08
-1.10566 -0.105662 1e-08
-0.894338 -0.894338 1e-08
-0.605662 -0.894338 1e-08
-0.894338 -0.605662 1e-08
-0.605662 -0.605662 1
-0.394338 -0.894338 1
-0.105662 -0.894338 1
-0.394338 -0.605662 1
-0.105662 -0.605662 1
-0.894338 -0.394338 1
-0.605662 -0.394338 1
-0.894338 -0.105662 1
-0.605662 -0.105662 1
-0.394338 -0.394338 1
-0.105662 -0.394338 1
-0.394338 -0.105662 1
-0.105662 -0.105662 1
0.105662 -1.89434 1e-08
0.394338 -1.89434 1e-08
0.105662 -1.60566 1e-08
0.394338 -1.60566 1e-08
0.605662 -1.89434 1e-08
0.894338 -1.89434 1e-08
0.605662 -1.60566 1e-08
0.894338 -1.60566 1e-08
0.105662 -1.39434 1e-08
0.394338 -1.39434 1e-08
0.105662 -1.10566 1e-08
0.394338 -1.10566 1e-08
0.605662 -1.39434 1e-08
0.894338 -1.39434 1e-08
0.605662 -1.10566 1e-08
0.894338 -1.10566 1e-08
1.21132 -1.78868 1e-08
1.78868 -1.78868 1e-08
1.21132 -1.21132 1e-08
1.78868 -1.21132 1e-08
0.105662 -0.894338 1
0.394338 -0.894338 1
0.105662 -0.605662 1
0.394338 -0.605662 1
0.605662 -0.894338 1e-08
0.894338 -0.894338 1e-08
0.605662 -0.605662 1
0.894338 -0.605662 1e-08
0.105662 -0.394338 1
0.394338 -0.394338 1
0.105662 -0.105662 1
0.394338 -0.105662 1
0.605662 -0.394338 1
0.894338 -0.394338 1
0.605662 -0.105662 1
0.894338 -0.105662 1
1.10566 -0.894338 1e-08
1.39434 -0.894338 1e-08
1.10566 -0.605662 1e-08
1.39434 -0.605662 1e-08
1.60566 -0.894338 1e-08
1.89434 -0.894338 1e-08
1.60566 -0.605662 1e-08
1.89434 -0.605662 1e-08
1.10566 -0.394338 1e-08
1.39434 -0.394338 1e-08
1.10566 -0.105662 1e-08
1.39434 -0.105662 1e-08
1.60566 -0.394338 1e-08
1.89434 -0.394338 1e-08
1.60566 -0.105662 1e-08
1.89434 -0.105662 1e-08
-1.89434 0.105662 1e-08
-1.60566 0.105662 1e-08
-1.89434 0.394338 1e-08
-1.60566 0.394338 1e-08
-1.39434 0.105662 1e-08
-1.10566 0.105662 1e-08
-1.39434 0.394338 1e-08
-1.10566 0.394338 1e-08
-1.89434 0.605662 1e-08
-1.60566 0.605662 1e-08
-1.89434 0.894338 1e-08
-1.60566 0.894338 1e-08
-1.39434 0.605662 1e-08
-1.10566 0.605662 1e-08
-1.39434 0.894338 1e-08
-1.10566 0.894338 1e-08
-0.894338 0.105662 1
-0.605662 0.105662 1
-0.894338 0.394338 1
-0.605662 0.394338 1
-0.394338 0.105662 1
-0.105662 0.105662 1
-0.394338 0.394338 1
-0.105662 0.394338 1
-0.894338 0.605662 1e-08
-0.605662 0.605662 1
-0.894338 0.894338 1e-08
-0.605662 0.894338 1e-08
-0.394338 0.605662 1
-0.105662 0.605662 1
-0.394338 0.894338 1
-0.105662 0.894338 1
-1.78868 1.21132 1e-08
-1.21132 1.21132 1e-08
-1.78868 1.78868 1e-08
-1.21132 1.78868 1e-08
-0.894338 1.10566 1e-08
-0.605662 1.10566 1e-08
-0.894338 1.39434 1e-08
-0.605662 1.39434 1e-08
-0.394338 1.10566 1e-08
-0.105662 1.10566 1e-08
-0.394338 1.39434 1e-08
-0.105662 1.39434 1e-08
-0.894338 1.60566 1e-08
-0.605662 1.60566 1e-08
-0.894338 1.89434 1e-08
-0.605662 1.89434 1e-08
-0.394338 1.60566 1e-08
-0.105662 1.60566 1e-08
-0.394338 1.89434 1e-08
-0.105662 1.89434 1e-08
0.105662 0.105662 1
0.394338 0.105662 1
0.105662 0.394338 1
0.394338 0.394338 1
0.605662 0.105662 1
0.894338 0.105662 1
0.605662 0.394338 1
0.894338 0.394338 1
0.105662 0.605662 1
0.394338 0.605662 1
0.105662 0.894338 1
0.394338 0.894338 1
0.605662 0.605662 1
0.894338 0.605662 1e-08
0.605662 0.894338 1e-08
0.894338 0.894338 1e-08
1.10566 0.105662 1e-08
1.39434 0.105662 1e-08
1.10566 0.394338 1e-08
1.39434 0.394338 1e-08
1.60566 0.105662 1e-08
1.89434 0.105662 1e-08
1.60566 0.394338 1e-08
1.89434 0.394338 1e-08
1.10566 0.605662 1e-08
1.39434 0.605662 1e-08
1.10566 0.894338 1e-08
1.39434 0.894338 1e-08
1.60566 0.605662 1e-08
1.89434 0.605662 1e-08
1.60566 0.894338 1e-08
1.89434 0.894338 1e-08
0.105662 1.10566 1e-08
0.394338 1.10566 1e-08
0.105662 1.39434 1e-08
0.394338 1.39434 1e-08
0.605662 1.10566 1e-08
0.894338 1.10566 1e-08
0.605662 1.39434 1e-08
0.894338 1.39434 1e-08
0.105662 1.60566 1e-08
0.394338 1.60566 1e-08
0.105662 1.89434 1e-08
0.394338 1.89434 1e-08
0.605662 1.60566 1e-08
0.894338 1.60566 1e-08
0.605662 1.89434 1e-08
0.894338 1.89434 1e-08
1.21132 1.21132 1e-08
1.78868 1.21132 1e-08
1.21132 1.78868 1e-08
1.78868 1.78868 1e-08
