0.0281754 0.0281754 1
0.125 0.0281754 1
0.221825 0.0281754 1
0.0281754 0.125 1
0.125 0.125 1
0.221825 0.125 1
0.0281754 0.221825 1
0.125 0.221825 1
0.221825 0.221825 1
0.278175 0.0281754 1
0.375 0.0281754 1
0.471825 0.0281754 1
0.278175 0.125 1
0.375 0.125 1
0.471825 0.125 1
0.278175 0.221825 1
0.375 0.221825 1
0.471825 0.221825 1
0.0281754 0.278175 1
0.125 0.278175 1
0.221825 0.278175 1
0.0281754 0.375 1
0.125 0.375 1
0.221825 0.375 1
0.0281754 0.471825 1
0.125 0.471825 1
0.221825 0.471825 1
0.278175 0.278175 1
0.375 0.278175 1
0.471825 0.278175 1
0.278175 0.375 1
0.375 0.375 1
0.471825 0.375 1
0.278175 0.471825 1
0.375 0.471825 1
0.471825 0.471825 1
0.528175 0.0281754 1
0.625 0.0281754 1
0.721825 0.0281754 1
0.528175 0.125 1
0.625 0.125 1
0.721825 0.125 1
0.528175 0.221825 1
0.625 0.221825 1
0.721825 0.221825 1
0.778175 0.0281754 1
0.875 0.0281754 1
0.971825 0.0281754 1
0.778175 0.125 1
0.875 0.125 1
0.971825 0.125 1
0.778175 0.221825 1
0.875 0.221825 1
0.971825 0.221825 1
0.528175 0.278175 1
0.625 0.278175 1
0.721825 0.278175 1
0.528175 0.375 1
0.625 0.375 1
0.721825 0.375 1
0.528175 0.471825 1
0.625 0.471825 1
0.721825 0.471825 1
0.778175 0.278175 1
0.875 0.278175 1
0.971825 0.278175 1e-08
0.778175 0.375 1
0.875 0.375 1
0.971825 0.375 1e-08
0.778175 0.471825 1
0.875 0.471825 1
0.971825 0.471825 1e-08
0.0281754 0.528175 1
0.125 0.528175 1
0.221825 0.528175 1
0.0281754 0.625 1
0.125 0.625 1
0.221825 0.625 1
0.0281754 0.721825 1
0.125 0.721825 1
0.221825 0.721825 1
0.278175 0.528175 1
0.375 0.528175 1
0.471825 0.528175 1
0.278175 0.625 1
0.375 0.625 1
0.471825 0.625 1
0.278175 0.721825 1
0.375 0.721825 1
0.471825 0.721825 1
0.0281754 0.778175 1
0.125 0.778175 1
0.221825 0.778175 1
0.0281754 0.875 1
0.125 0.875 1
0.221825 0.875 1
0.0281754 0.971825 1
0.125 0.971825 1
0.221825 0.971825 1
0.278175 0.778175 1
0.375 0.778175 1
0.471825 0.778175 1
0.278175 0.875 1
0.375 0.875 1
0.471825 0.875 1
0.278175 0.971825 1e-08
0.375 0.971825 1e-08
0.471825 0.971825 1e-08
0.528175 0.528175 1
0.625 0.528175 1
0.721825 0.528175 1
0.528175 0.625 1
0.625 0.625 1
0.721825 0.625 1
0.528175 0.721825 1
0.625 0.721825 1
0.721825 0.721825 1e-08
0.778175 0.528175 1
0.875 0.528175 1e-08
0.971825 0.528175 1e-08
0.778175 0.625 1
0.875 0.625 1e-08
0.971825 0.625 1e-08
0.778175 0.721825 1e-08
0.875 0.721825 1e-08
0.971825 0.721825 1e-08
0.528175 0.778175 1
0.625 0.778175 1
0.721825 0.778175 1e-08
0.528175 0.875 1e-08
0.625 0.875 1e-08
0.721825 0.875 1e-08
0.528175 0.971825 1e-08
0.625 0.971825 1e-08
0.721825 0.971825 1e-08
0.778175 0.778175 1e-08
0.875 0.778175 1e-08
0.971825 0.778175 1e-08
0.778175 0.875 1e-08
0.875 0.875 1e-08
0.971825 0.875 1e-08
0.778175 0.971825 1e-08
0.875 0.971825 1e-08
0.971825 0.971825 1e-08
0.0281754 0.0281754 1
0.125 0.0281754 1
0.221825 0.0281754 1
0.0281754 0.125 1
0.125 0.125 1
0.221825 0.125 1
0.0281754 0.221825 1
0.125 0.221825 1
0.221825 0.221825 1
0.278175 0.0281754 1
0.375 0.0281754 1
0.471825 0.0281754 1
0.278175 0.125 1
0.375 0.125 1
0.471825 0.125 1
0.278175 0.221825 1
0.375 0.221825 1
0.471825 0.221825 1
0.0281754 0.278175 1
0.125 0.278175 1
0.221825 0.278175 1
0.0281754 0.375 1
0.125 0.375 1
0.221825 0.375 1
0.0281754 0.471825 1
0.125 0.471825 1
0.221825 0.471825 1
0.278175 0.278175 1
0.375 0.278175 1
0.471825 0.278175 1
0.278175 0.375 1
0.375 0.375 1
0.471825 0.375 1
0.278175 0.471825 1
0.375 0.471825 1
0.471825 0.471825 1
0.528175 0.0281754 1
0.625 0.0281754 1
0.721825 0.0281754 1
0.528175 0.125 1
0.625 0.125 1
0.721825 0.125 1
0.528175 0.221825 1
0.625 0.221825 1
0.721825 0.221825 1
0.528175 0.278175 1
0.625 0.278175 1
0.721825 0.278175 1
0.528175 0.375 1
0.625 0.375 1
0.721825 0.375 1
0.528175 0.471825 1
0.625 0.471825 1
0.721825 0.471825 1
0.0281754 0.528175 1
0.125 0.528175 1
0.221825 0.528175 1
0.0281754 0.625 1
0.125 0.625 1
0.221825 0.625 1
0.0281754 0.721825 1
0.125 0.721825 1
0.221825 0.721825 1
0.278175 0.528175 1
0.375 0.528175 1
0.471825 0.528175 1
0.278175 0.625 1
0.375 0.625 1
0.471825 0.625 1
0.278175 0.721825 1
0.375 0.721825 1
0.471825 0.721825 1
0.778175 0.778175 1e-08
0.875 0.778175 1e-08
0.971825 0.778175 1e-08
0.778175 0.875 1e-08
0.875 0.875 1e-08
0.971825 0.875 1e-08
0.778175 0.971825 1e-08
0.875 0.971825 1e-08
0.971825 0.971825 1e-08
0.764088 0.0140877 1
0.8125 0.0140877 1
0.860912 0.0140877 1
0.764088 0.0625 1
0.8125 0.0625 1
0.860912 0.0625 1
0.764088 0.110912 1
0.8125 0.110912 1
0.860912 0.110912 1
0.889088 0.0140877 1
0.9375 0.0140877 1
0.985912 0.0140877 1
0.889088 0.0625 1
0.9375 0.0625 1
0.985912 0.0625 1
0.889088 0.110912 1
0.9375 0.110912 1
0.985912 0.110912 1
0.764088 0.139088 1
0.8125 0.139088 1
0.860912 0.139088 1
0.764088 0.1875 1
0.8125 0.1875 1
0.860912 0.1875 1
0.764088 0.235912 1
0.8125 0.235912 1
0.860912 0.235912 1
0.889088 0.139088 1
0.9375 0.139088 1
0.985912 0.139088 1
0.889088 0.1875 1
0.9375 0.1875 1
0.985912 0.1875 1e-08
0.889088 0.235912 1
0.9375 0.235912 1
0.985912 0.235912 1e-08
0.764088 0.264088 1
0.8125 0.264088 1
0.860912 0.264088 1
0.764088 0.3125 1
0.8125 0.3125 1
0.860912 0.3125 1
0.764088 0.360912 1
0.8125 0.360912 1
0.860912 0.360912 1
0.889088 0.264088 1
0.9375 0.264088 1
0.985912 0.264088 1e-08
0.889088 0.3125 1
0.9375 0.3125 1
0.985912 0.3125 1e-08
0.889088 0.360912 1
0.9375 0.360912 1e-08
0.985912 0.360912 1e-08
0.764088 0.389088 1
0.8125 0.389088 1
0.860912 0.389088 1
0.764088 0.4375 1
0.8125 0.4375 1
0.860912 0.4375 1
0.764088 0.485912 1
0.8125 0.485912 1
0.860912 0.485912 1
0.889088 0.389088 1
0.9375 0.389088 1e-08
0.985912 0.389088 1e-08
0.889088 0.4375 1
0.9375 0.4375 1e-08
0.985912 0.4375 1e-08
0.889088 0.485912 1e-08
0.9375 0.485912 1e-08
0.985912 0.485912 1e-08
0.0140877 0.764088 1
0.0625 0.764088 1
0.110912 0.764088 1
0.0140877 0.8125 1
0.0625 0.8125 1
0.110912 0.8125 1
0.0140877 0.860912 1
0.0625 0.860912 1
0.110912 0.860912 1
0.139088 0.764088 1
0.1875 0.764088 1
0.235912 0.764088 1
0.139088 0.8125 1
0.1875 0.8125 1
0.235912 0.8125 1
0.139088 0.860912 1
0.1875 0.860912 1
0.235912 0.860912 1
0.0140877 0.889088 1
0.0625 0.889088 1
0.110912 0.889088 1
0.0140877 0.9375 1
0.0625 0.9375 1
0.110912 0.9375 1
0.0140877 0.985912 1
0.0625 0.985912 1
0.110912 0.985912 1
0.139088 0.889088 1
0.1875 0.889088 1
0.235912 0.889088 1
0.139088 0.9375 1
0.1875 0.9375 1
0.235912 0.9375 1
0.139088 0.985912 1
0.1875 0.985912 1e-08
0.235912 0.985912 1e-08
0.264088 0.764088 1
0.3125 0.764088 1
0.360912 0.764088 1
0.264088 0.8125 1
0.3125 0.8125 1
0.360912 0.8125 1
0.264088 0.860912 1
0.3125 0.860912 1
0.360912 0.860912 1
0.389088 0.764088 1
0.4375 0.764088 1
0.485912 0.764088 1
0.389088 0.8125 1
0.4375 0.8125 1
0.485912 0.8125 1
0.389088 0.860912 1
0.4375 0.860912 1
0.485912 0.860912 1
0.264088 0.889088 1
0.3125 0.889088 1
0.360912 0.889088 1
0.264088 0.9375 1
0.3125 0.9375 1
0.360912 0.9375 1e-08
0.264088 0.985912 1e-08
0.3125 0.985912 1e-08
0.360912 0.985912 1e-08
0.389088 0.889088 1
0.4375 0.889088 1
0.485912 0.889088 1e-08
0.389088 0.9375 1e-08
0.4375 0.9375 1e-08
0.485912 0.9375 1e-08
0.389088 0.985912 1e-08
0.4375 0.985912 1e-08
0.485912 0.985912 1e-08
0.514088 0.514088 1
0.5625 0.514088 1
0.610912 0.514088 1
0.514088 0.5625 1
0.5625 0.5625 1
0.610912 0.5625 1
0.514088 0.610912 1
0.5625 0.610912 1
0.610912 0.610912 1
0.639088 0.514088 1
0.6875 0.514088 1
0.735912 0.514088 1
0.639088 0.5625 1
0.6875 0.5625 1
0.735912 0.5625 1
0.639088 0.610912 1
0.6875 0.610912 1
0.735912 0.610912 1
0.514088 0.639088 1
0.5625 0.639088 1
0.610912 0.639088 1
0.514088 0.6875 1
0.5625 0.6875 1
0.610912 0.6875 1
0.514088 0.735912 1
0.5625 0.735912 1
0.610912 0.735912 1
0.639088 0.639088 1
0.6875 0.639088 1
0.735912 0.639088 1
0.639088 0.6875 1
0.6875 0.6875 1
0.735912 0.6875 1e-08
0.639088 0.735912 1
0.6875 0.735912 1e-08
0.735912 0.735912 1e-08
0.764088 0.514088 1
0.8125 0.514088 1
0.860912 0.514088 1e-08
0.764088 0.5625 1
0.8125 0.5625 1
0.860912 0.5625 1e-08
0.764088 0.610912 1
0.8125 0.610912 1e-08
0.860912 0.610912 1e-08
0.889088 0.514088 1e-08
0.9375 0.514088 1e-08
0.985912 0.514088 1e-08
0.889088 0.5625 1e-08
0.9375 0.5625 1e-08
0.985912 0.5625 1e-08
0.889088 0.610912 1e-08
0.9375 0.610912 1e-08
0.985912 0.610912 1e-08
0.764088 0.639088 1
0.8125 0.639088 1e-08
0.860912 0.639088 1e-08
0.764088 0.6875 1e-08
0.8125 0.6875 1e-08
0.860912 0.6875 1e-08
0.764088 0.735912 1e-08
0.8125 0.735912 1e-08
0.860912 0.735912 1e-08
0.889088 0.639088 1e-08
0.9375 0.639088 1e-08
0.985912 0.639088 1e-08
0.889088 0.6875 1e-08
0.9375 0.6875 1e-08
0.985912 0.6875 1e-08
0.889088 0.735912 1e-08
0.9375 0.735912 1e-08
0.985912 0.735912 1e-08
0.514088 0.764088 1
0.5625 0.764088 1
0.610912 0.764088 1
0.514088 0.8125 1
0.5625 0.8125 1
0.610912 0.8125 1e-08
0.514088 0.860912 1e-08
0.5625 0.860912 1e-08
0.610912 0.860912 1e-08
0.639088 0.764088 1
0.6875 0.764088 1e-08
0.735912 0.764088 1e-08
0.639088 0.8125 1e-08
0.6875 0.8125 1e-08
0.735912 0.8125 1e-08
0.639088 0.860912 1e-08
0.6875 0.860912 1e-08
0.735912 0.860912 1e-08
0.514088 0.889088 1e-08
0.5625 0.889088 1e-08
0.610912 0.889088 1e-08
0.514088 0.9375 1e-08
0.5625 0.9375 1e-08
0.610912 0.9375 1e-08
0.514088 0.985912 1e-08
0.5625 0.985912 1e-08
0.610912 0.985912 1e-08
0.639088 0.889088 1e-08
0.6875 0.889088 1e-08
0.735912 0.889088 1e-08
0.639088 0.9375 1e-08
0.6875 0.9375 1e-08
0.735912 0.9375 1e-08
0.639088 0.985912 1e-08
0.6875 0.985912 1e-08
0.735912 0.985912 1e-08
